(1)  2006ApJ...646..369P
TSTART           TSTOP              Freq         Flux            ErrFlux   Instrument Ref
 (mjd)           (mjd)              (GHz)        (uJy)           (uJy) 
--------------------------------------------------------------------------------------------
  46468.00  46468.00      4.8      0.0    220.0 VLA       (1)
  46486.00  46486.00      1.4      0.0    360.0 VLA       (1)
  46486.00  46486.00      4.8      0.0    120.0 VLA       (1)
  46505.00  46505.00      4.8      0.0     50.0 VLA       (1)
  46523.00  46523.00      4.8      0.0     90.0 VLA       (1)
  46596.00  46596.00      1.4      0.0    150.0 VLA       (1)
  46596.00  46596.00      4.8      0.0     90.0 VLA       (1)
  46719.00  46719.00      1.4      0.0    250.0 VLA       (1)
  46719.00  46719.00      4.8      0.0     80.0 VLA       (1)
