(1)  2006ApJ...646..369P
TSTART           TSTOP              Freq         Flux            ErrFlux   Instrument Ref
 (mjd)           (mjd)              (GHz)        (uJy)           (uJy) 
--------------------------------------------------------------------------------------------
  47149.00  47149.00      1.4      0.0    130.0  VLA       (1)
  47149.00  47149.00      4.8      0.0    100.0  VLA       (1)
  47172.00  47172.00      1.4      0.0    100.0  VLA       (1)
  47172.00  47172.00      4.8      0.0     80.0  VLA       (1)
  47192.00  47192.00      1.4      0.0    110.0  VLA       (1)
  47192.00  47192.00      4.8      0.0     90.0  VLA       (1)
  47251.00  47251.00      1.4      0.0    230.0  VLA       (1)
  47251.00  47251.00      4.8      0.0     70.0  VLA       (1)
  47262.00  47262.00      1.4      0.0    220.0  VLA       (1)
  47262.00  47262.00      4.8      0.0    400.0  VLA       (1)
  47395.00  47395.00      4.8      0.0     80.0  VLA       (1)
