(1)  2016ApJ...821..119C
TSTART           TSTOP              Freq         Flux            ErrFlux   Instrument Ref
 (mjd)           (mjd)              (GHz)        (uJy)           (uJy) 
--------------------------------------------------------------------------------------------
  51200.30  51200.30      8.4    145.0     80.0  VLA       (1)
  51200.30  51200.30     14.9    439.0    319.0  VLA       (1)
  51217.39  51217.39      8.4     50.0     46.0  VLA       (1)
  51217.39  51217.39     14.9    140.0    172.0  VLA       (1)
  51217.39  51217.39     22.4   -295.0    281.0  VLA       (1)
  51236.30  51236.30      8.4     23.0     50.0  VLA       (1)
  51236.30  51236.30     14.9   -226.0    169.0  VLA       (1)
  51236.30  51236.30     22.4   -169.0    175.0  VLA       (1)
  51479.80  51479.80      8.4    -36.0     47.0  VLA       (1)
