(1)  2013MNRAS.428.1207S
TSTART           TSTOP              Freq         Flux            ErrFlux   Instrument Ref
 (mjd)           (mjd)              (GHz)        (uJy)           (uJy) 
--------------------------------------------------------------------------------------------
54209.05   54209.05   8.46   0    88   VLA (1)
54213.15   54213.15   8.46   0    116  VLA (1)
54213.95   54213.95   8.46   0    129  VLA (1)
54214.95   54214.95   8.46   0    139  VLA (1)
54215.95   54215.95   8.46   0    185  VLA (1)
54219.95   54219.95   8.46   480  102  VLA (1)
54225.35   54225.35   8.46   753  107  VLA (1)
54232.25   54232.25   8.46   804  100  VLA (1)
54237.05   54237.05   8.46   728  87   VLA (1)
54247.45   54247.45   8.46   1257 53   VLA (1)
54262.05   54262.05   8.46   1490 104  VLA (1)
54272.95   54272.95   8.46   1390 45   VLA (1)
54287.95   54287.95   8.46   1325 47   VLA (1)
54304.95   54304.95   8.46   1131 59   VLA (1)
54330.15   54330.15   8.46   957  64   VLA (1)
54350.15   54350.15   8.46   621  81   VLA (1)
54365.95   54365.95   8.46   316  57   VLA (1)
54396.05   54396.05   8.46   379  59   VLA (1)
54421.05   54421.05   8.46   404  62   VLA (1)
54457.05   54457.05   8.46   783  57   VLA (1)
54492.95   54492.95   8.46   1669 90   VLA (1)
54520.95   54520.95   8.46   2097 73   VLA (1)
54574.95   54574.95   8.46   2200 59   VLA (1)
54592.95   54592.95   8.46   2852 58   VLA (1)
54626.05   54626.05   8.46   3344 81   VLA (1)
54773.05   54773.05   8.46   3897 78   VLA (1)
54829.95   54829.95   8.46   3891 78   VLA (1)
54926.95   54926.95   8.46   3842 69   VLA (1)
54981.95   54981.95   8.46   3641 79   VLA (1)
55069.95   55069.95   8.46   3408 109  VLA (1)
54926.95   54926.95   1.43   746  168
54574.95   54574.95   1.43   822  0
54396.05   54396.05   1.43   585  0
54365.95   54365.95   1.43   525  0
54457.05   54457.05   1.43   387  0
54421.05   54421.05   1.43   342  0
54350.15   54350.15   1.43   336  0
54773.05   54773.05   1.43   321  0
54304.95   54304.95   1.43   201  0
54247.45   54247.45   1.43   171  0
55069.95   55069.95   1.43   1503 0
54981.95   54981.95   1.43   1167 0
54287.95   54287.95   4.86   915  62
54304.95   54304.95   4.86   886  80
54365.95   54365.95   4.86   792  77
54272.95   54272.95   4.86   709  60
54457.05   54457.05   4.86   685  65
54396.05   54396.05   4.86   685  62
54247.45   54247.45   4.86   487  96
54421.05   54421.05   4.86   479  65
54981.95   54981.95   4.86   3460 80
54926.95   54926.95   4.86   3390 136
55069.95   55069.95   4.86   3373 84
54773.05   54773.05   4.86   2812 60
54626.05   54626.05   4.86   2039 88
54574.95   54574.95   4.86   1304 62
54350.15   54350.15   4.86   1103 88
54520.95   54520.95   4.86   1059 70
54330.15   54330.15   4.86   1050 90
54237.05   54237.05   4.86   657  0
54492.95   54492.95   4.86   594  0
54213.95   54213.95   4.86   390  0
54215.95   54215.95   4.86   339  0
54219.95   54219.95   4.86   291  0
54232.25   54232.25   4.86   1905 0
54225.35   54225.35   4.86   1692 0
54262.05   54262.05   4.86   1191 0
54262.05   54262.05   15     2000 308
54232.25   54232.25   15     1900 300
54237.05   54237.05   15     1480 289
54247.45   54247.45   15     1250 270
54222.95   54222.95   15     978  0
54330.15   54330.15   15     957  0
54304.95   54304.95   15     909  0
54283.95   54283.95   15     843  0
54215.95   54215.95   15     666  0
54829.95   54829.95   15     2358 0
54350.15   54350.15   15     1137 0
54520.95   54520.95   22.5   2570 160
54626.05   54626.05   22.5   2023 140
54773.05   54773.05   22.5   1854 128
54467.95   54467.95   22.5   1723 77
54926.95   54926.95   22.5   1629 115
54214.95   54214.95   22.5   1293 220
54262.05   54262.05   22.5   1246 127
54232.25   54232.25   22.5   1062 245
54222.95   54222.95   22.5   1032 75
54492.95   54492.95   22.5   999  0
54283.95   54283.95   22.5   978  0
54304.95   54304.95   22.5   870  0
54350.15   54350.15   22.5   825  0
54330.15   54330.15   22.5   693  0
54213.15   54213.15   22.5   1421 0
54237.05   54237.05   22.5   1050 0
54247.45   54247.45   22.5   1020 0
54469.95   54469.95   43.3   1662 0
