(1)  2007ATel.1082....1C
(2)  2007ATel.1084....1A
(3)  2007ATel.1254....1B
(4)  2008ATel.1525....1B
(5)  2008ATel.1657....1B
TSTART           TSTOP              Freq         Flux            ErrFlux   Instrument Ref
 (mjd)           (mjd)              (GHz)        (uJy)           (uJy) 
--------------------------------------------------------------------------------------------
  54238.25   54238.25       1.398   450.0    0.0  GMRT      (1)
  54229      54229          1.658   280.0    0.0  MERLIN    (2)
  54231      54231          4.994   180.0    0.0  MERLIN    (2)
  54364.5    54364.5        8.4     450.0    0.0  VLA       (3)
  54364.5    54364.5        43      3000.0   0.0  VLA       (3)
  54401.4    54401.4        8.4     110.0    0.0  VLA       (3)
  54401.4    54401.4        43      380.0    0.0  VLA       (3)
  54506.0    54506.0        8.4     250.0    0.0  VLA       (4)
  54506.0    54506.0        43      550.0    0.0  VLA       (4)
  54616.5    54616.5        8.4     450.0    0.0  VLA       (5)
  54616.5    54616.5        43      620.0    0.0  VLA       (5)
